>> matrix = randn(100,10)

matrix =

   -0.0139    1.2165    2.5733    0.4064    0.1227    1.5560   -0.5399   -0.2606    2.0280    2.1061
   -0.9321   -0.1494    1.6452    0.9052   -0.5559    1.2934   -1.3481    1.5916   -1.2756    2.5120
   -1.2358    0.0556    0.2166    0.2890   -0.4750   -1.3536    0.2792   -0.5474   -0.0441    0.7877
    0.8036   -1.2242   -0.8506   -0.5365   -1.3520   -0.8074   -0.4419   -1.2478    0.6326    1.0198
    1.3266   -0.0381   -0.9052   -0.9370   -0.1454    1.2932    0.2564   -0.2769   -0.1564   -1.4682
   -0.6747   -0.4236   -0.1841   -0.2579   -0.3170    1.0628    1.0265   -0.8862   -1.1988   -2.5453
    0.6080   -1.5586    0.0825    0.6710   -0.1656    1.5098   -1.5752    0.5671   -0.8717   -0.8304
    0.1068   -0.4784    0.9138   -1.6882   -1.0557    0.9356   -0.2288    1.1996    0.5693    0.8345
   -1.7689    0.3996    0.9857    0.3862   -0.2981    0.1336    0.4632   -0.1631   -0.2636    0.9865
    1.3181    0.8031   -0.3965   -1.4274   -0.2135    1.1502    0.6907   -1.4114    1.2945   -1.4049
    0.8241    0.8123    1.0683    1.5310   -0.9809    1.0692   -0.7092    0.1767    0.0300   -1.2946
    0.1543    0.0003    0.1270    0.1517   -0.1559   -0.2080   -1.5653   -0.4695    1.0471   -0.0096
    0.8374   -0.0727    0.1779   -1.0035    0.4729   -0.6278    1.0572    0.0113    1.0452    0.5804
    0.3857    0.7891   -0.1147   -1.9492    1.1068   -1.0399    0.7037   -0.2573   -0.4392   -2.0842
    1.3497   -2.5017    0.9677    1.6037   -1.7949    0.0405   -0.0565    0.7271    0.3434    0.6717
    1.1450   -1.5671   -0.2204   -1.3905    0.8268   -0.1021   -0.1243   -1.8236   -0.3465   -0.7056
   -0.1304   -0.1799    0.0263   -0.9486    0.5450    0.3998    0.0649    0.1691    1.4286    0.5725
    0.7580    0.1274    2.0485    0.4977   -1.9820    0.0422    1.4751   -0.8656    1.0239    0.9495
    0.7522   -0.6482   -1.1550    1.2787    0.7082    0.7411    0.1255    2.9654   -1.3909   -0.5029
   -1.1916    0.3295    0.9109   -1.5390    0.6181   -0.0460    0.3775   -0.5861   -1.0669   -0.6616
   -1.3465    2.6411   -0.6945   -0.9619    0.2638   -0.4639    0.0980   -0.1156   -0.9732    0.3738
   -0.3605    2.3719    0.5836    1.8668    1.6800   -0.3847    0.0865    0.4442   -1.0306    1.1441
   -0.9430   -0.2654   -0.1250    0.4418   -0.4076   -0.4716    0.9361    0.0398    0.8576   -1.0767
   -0.2110   -0.5426   -0.2079   -0.9556   -0.6455   -0.1389    0.2685    0.2126    0.9141    1.3720
   -1.1842   -1.4338    0.6978   -0.5149   -0.6079   -0.7228    1.7308   -0.3853   -0.7320    0.1761
    1.2901    1.4723   -1.4112    1.5463    0.0428    0.5021   -0.6128   -0.2930    0.7357    0.6038
    2.0086    0.2102    1.6531    0.7416   -0.1356   -0.1979    0.4561   -2.2551    0.4621   -2.5623
    0.2980   -0.8820    0.6268   -1.5883   -0.1818   -1.3054   -0.8694    0.0948    0.9626    0.8071
   -0.9753    0.3517    0.3587   -0.3507    1.9374    0.7827   -1.3885    1.0577    1.4813    0.4934
   -0.1314    2.8720    1.0505   -0.5590   -0.4041    1.7879   -1.3814    0.5378   -0.2257    0.5940
    0.3364   -0.8116   -0.4332   -0.9933   -0.0465   -0.2680   -2.5705   -0.1899    0.5205    1.1845
    0.7209   -0.1122    1.6649    0.4955   -0.9461   -1.0471    1.2914    2.5894    1.1342    1.1764
    0.8204    0.2992   -0.2651    0.5031   -1.5335   -1.0522    0.2412   -1.2188   -1.7989    1.8666
   -1.1863    0.9962    2.5731   -0.7699    0.9452   -1.0310   -0.6874    0.8115    0.7292    0.1492
   -0.4741   -3.6643   -1.8977   -0.4658   -0.4586    0.3706    1.4192    0.3251    1.4495    0.6812
    1.0422   -0.8580    0.9091   -0.3657   -0.7999   -0.5376   -0.5027   -0.2634   -0.1659    0.0146
    0.2732   -0.8158   -0.3324    0.9427    0.2466    1.3687   -0.9507   -1.3867   -0.1887    0.9943
   -1.2457    1.4615   -0.4175    1.2578    1.4998    0.8480    0.7346    0.8055   -1.5257   -0.7455
    0.1546   -0.3845    0.0135    1.5998    1.2795    0.3069    0.4430    1.0227   -1.9212    0.4666
   -0.5629    1.2225   -0.6544    1.5008   -0.4949   -0.1925   -1.7073    0.5603    0.8168   -0.4073
   -0.1628   -0.0661    0.1036   -1.6304    1.2180    0.6257   -0.3723    0.2422    0.8931   -1.0536
   -0.8465   -0.8077   -1.9896   -0.3989   -0.5640    0.2508    2.4418   -0.8524    1.0938    0.7189
    0.3702    2.4838   -0.7327   -1.7464   -0.7306    2.0594   -1.0692    0.1024   -1.2332    0.0978
   -0.0359   -0.2381    0.1792   -0.4435   -0.0230    0.3581    1.8145   -1.8611    0.9159   -0.4525
   -0.2834   -0.5698   -0.2582    1.1195    0.4122    0.1701   -0.3921    1.1053   -0.9829   -0.3485
   -0.9191    1.0821   -0.3199    1.5456   -0.3504    0.5392   -0.5171   -0.4802    0.1925   -2.1626
   -1.3720    1.4942    1.1135    0.6594    0.6166   -0.0434   -0.7925   -0.3443   -0.6127    0.2267
    1.0130   -2.0120   -1.2844   -0.5219    0.5264    0.7986   -0.2346   -0.1372    1.2098    0.1528
   -0.5529   -1.4605   -0.1235    1.2793    0.9611   -1.1970   -0.8316   -1.1221   -0.6649    1.7343
   -0.3443   -1.6138    0.3286    1.3030    0.9166   -0.5859   -0.8203   -1.4330   -0.4325    0.3224
    0.3276   -0.6257    1.0189   -0.6234    0.0213    1.4639    0.3339    1.0276    0.8660    1.1226
    0.1852    0.2377   -1.1768   -0.7357    0.1820   -0.5659   -0.8013   -0.2216    0.3505    1.4289
    1.1738    0.2528    0.1180   -0.1041    0.7569    0.0678    0.6343    0.0913    0.6235    0.8361
   -0.2685   -0.9751   -1.6240   -1.5590    0.3507    0.5063    2.1991    0.0963   -1.1953    0.2339
   -1.0281   -0.7263    1.0848   -0.0717   -1.0825    0.6221   -0.3879    0.8246    1.3674    2.6054
    2.1410   -0.9133    0.8794   -1.8383    0.9886    0.9057   -0.5090   -0.4543   -0.1262   -1.1908
    0.8133   -1.7255   -0.3969   -0.8775    1.8985   -0.6346    0.0191   -1.1867    0.8428   -0.4541
    0.6498   -1.0649   -0.5360    1.5815    0.2842   -1.3710    0.7057    0.8325    1.2161   -0.0823
   -0.3787   -0.6882    0.1714   -0.4748    0.3527   -1.3419   -0.7140    0.5389    0.5009    1.3804
    1.8354    1.1626   -0.1242   -0.2047   -0.4149    1.3345    1.0198    0.4113   -1.1654   -1.7918
   -0.1222    1.5678    0.5066   -0.0487   -0.5204    1.4589   -0.4926    1.3046    0.1353    1.1711
    0.2439   -0.0461   -0.3004    0.0672    0.9489    1.5543    0.2350   -1.2789    0.4103    0.3042
   -0.7179   -0.5443    0.4715    0.1784    1.3824   -0.8052   -0.3299    0.9017    0.6343    0.8789
   -1.9792    0.4825   -0.8940   -0.1393   -0.4269    0.4253   -0.4676    0.7730    0.8172    0.1332
   -0.0715   -0.7377    0.1985    0.3527   -0.5336   -0.1929    1.1050    0.3031    0.6119    0.7580
    1.3131    1.1144    0.1094   -0.1921   -0.1437    0.3458    0.1487   -0.7544    0.3630    0.8139
    0.5579   -0.7824    0.2936   -0.3038   -0.7843    1.4802    0.3761   -0.2626   -0.6543    1.4678
    0.4618    0.5194   -0.1340    0.3361    0.9502   -1.8137   -1.0976    0.3818   -0.3581    0.7383
    0.3616   -0.5516    0.1371   -1.5315   -1.8041   -0.0535   -1.4313    0.2372   -0.2654   -0.8803
    0.6505    0.4439   -0.9306   -0.5956   -0.0656   -2.2984   -0.4698   -0.2015    0.5756    0.7927
    0.3754   -1.0783    0.0894   -0.3406   -0.7901   -0.1850   -1.8874   -1.5298    0.4523    0.5371
   -1.2725    1.0736    0.7863    0.4139    0.3720   -0.8197    0.8891    0.4150    0.3829    0.1333
   -0.1942    0.5698    0.7178   -0.7971    0.8016    2.6084    0.4132    0.2044   -0.0495    0.3171
    0.7869    0.3137   -0.2995    0.5010   -1.3783   -0.6510    0.8094    0.1545    0.5244    0.2387
   -1.5611   -0.2628    0.5220   -0.0816   -0.0350   -1.1336    0.1832   -0.4675   -0.1578    0.9344
    1.3920    0.5641   -0.9507    0.1024    0.1062   -1.2370   -0.6865    0.4105   -0.9632   -0.7658
   -0.2035   -2.5577    0.9538    0.3951   -0.1026    0.6839   -1.3186    1.4520    0.1767   -0.7726
   -0.3464   -0.4206   -1.5303   -0.6691   -1.0828    1.9956    1.0519   -0.1574    0.0286    0.7834
